1686862800.0 278
1686949200.0 280
1687035600.0 279
1687122000.0 279
1687208400.0 279
1687294800.0 279
1687381200.0 279
1687467600.0 279
1687554000.0 279
1687640400.0 279
1687726800.0 279
1687813200.0 279
1687899600.0 279
1687986000.0 279
1688072400.0 279
1688158800.0 279
1688245200.0 279
1688331600.0 279
1688418000.0 279
1688504400.0 279
1688590800.0 279
1688677200.0 279
1688763600.0 279
1688850000.0 279
1688936400.0 279
1689022800.0 279
1689109200.0 279
1689195600.0 279
1689282000.0 279
1689368400.0 279
1689454800.0 279
1689541200.0 279
1689627600.0 279
1689714000.0 279
1689800400.0 279
1689886800.0 279
1689973200.0 279
1690059600.0 280
1690146000.0 280
1690232400.0 281
1690318800.0 281
1690405200.0 282
1690491600.0 282
1690578000.0 282
1690664400.0 282
1690750800.0 282
1690837200.0 282
1690923600.0 285
1691010000.0 286
1691096400.0 285
1691182800.0 285
1691269200.0 285
1691355600.0 285
1691442000.0 288
1691528400.0 297
1691614800.0 297
1691701200.0 297
1691787600.0 297
1691874000.0 298
1691960400.0 298
1692046800.0 298
1692133200.0 298
1692219600.0 298
1692306000.0 298
1692392400.0 298
1692478800.0 299
1692565200.0 299
1692651600.0 299
1692738000.0 300
1692824400.0 301
1692910800.0 306
1692997200.0 318
1693083600.0 333
1693170000.0 346
1693256400.0 355
1693342800.0 358
1693429200.0 363
1693515600.0 364
1693602000.0 365
1693688400.0 367
1693774800.0 372
1693861200.0 386
1693947600.0 438
1694034000.0 439
1694120400.0 440
1694206800.0 440
1694293200.0 442
1694379600.0 452
1694466000.0 455
1694552400.0 459
1694638800.0 463
1694725200.0 467
1694811600.0 472
1694898000.0 480
1694984400.0 500
1695070800.0 512
1695157200.0 547
1695243600.0 550
1695330000.0 552
1695416400.0 552
1695502800.0 553
1695589200.0 565
1695675600.0 745
1695762000.0 773
1695848400.0 788
1695934800.0 791
1696021200.0 792
1696107600.0 793
1696194000.0 796
1696280400.0 800
1696366800.0 801
1696453200.0 802
1696539600.0 803
1696626000.0 804
1696712400.0 806
1696798800.0 816
1696885200.0 824
1696971600.0 825
1697058000.0 833
1697144400.0 833
1697230800.0 833
1697317200.0 833
1697403600.0 842
1697490000.0 845
1697576400.0 871
1697662800.0 885
1697749200.0 885
1697835600.0 885
1697922000.0 886
1698008400.0 889
1698094800.0 949
1698181200.0 961
1698267600.0 962
1698354000.0 963
1698440400.0 963
1698526800.0 965
1698613200.0 973
1698699600.0 974
1698786000.0 975
1698872400.0 976
1698958800.0 976
1699045200.0 976
1699131600.0 977
1699218000.0 978
1699304400.0 983
1699390800.0 991
1699477200.0 991
1699563600.0 991
1699650000.0 992
1699736400.0 992
1699822800.0 993
1699909200.0 1004
1699995600.0 1016
